﻿Date,Total Case,New Case
1/22/2020,547,547
1/23/2020,639,92
1/24/2020,916,277
1/25/2020,1399,483
1/26/2020,2062,663
1/27/2020,2863,801
1/28/2020,5494,2631
1/29/2020,6070,576
1/30/2020,8124,2054
1/31/2020,9783,1659
2/1/2020,11871,2088
2/2/2020,16607,4736
2/3/2020,19693,3086
2/4/2020,23680,3987
2/5/2020,27409,3729
2/6/2020,30553,3144
2/7/2020,34075,3522
2/8/2020,36778,2703
2/9/2020,39790,3012
2/10/2020,42306,2516
2/11/2020,44327,2021
2/12/2020,44699,372
2/13/2020,59832,15133
2/14/2020,66292,6460
2/15/2020,68347,2055
2/16/2020,70446,2099
2/17/2020,72364,1918
2/18/2020,74139,1775
2/19/2020,74546,407
2/20/2020,74999,453
2/21/2020,75472,473
2/22/2020,76922,1450
2/23/2020,76938,16
2/24/2020,77152,214
2/25/2020,77660,508
2/26/2020,78065,405
2/27/2020,78498,433
2/28/2020,78824,326
2/29/2020,79251,427
3/1/2020,79826,575
3/2/2020,80026,200
3/3/2020,80151,125
3/4/2020,80271,120
3/5/2020,80422,151
3/6/2020,80573,151
3/7/2020,80652,79
3/8/2020,80699,47
3/9/2020,80735,36
3/10/2020,80757,22
3/11/2020,80785,28
3/12/2020,80793,8
3/13/2020,80801,8
3/14/2020,80827,26
3/15/2020,80848,21
3/16/2020,80867,19
3/17/2020,80884,17
3/18/2020,80906,22
3/19/2020,80931,25
3/20/2020,80977,46
3/21/2020,81014,37
3/22/2020,81094,80
3/23/2020,81118,24
3/24/2020,81180,62
3/25/2020,81221,41
3/26/2020,81298,77
3/27/2020,81345,47
3/28/2020,81401,56
3/29/2020,81444,43
3/30/2020,83019,1575
3/31/2020,83193,174
4/1/2020,83270,77
4/2/2020,83357,87
4/3/2020,83452,95
4/4/2020,83511,59
4/5/2020,83614,103
4/6/2020,83681,67
4/7/2020,83839,158
4/8/2020,83945,106
4/9/2020,84039,94
4/10/2020,84101,62
4/11/2020,84212,111
4/12/2020,84361,149
4/13/2020,84422,61
4/14/2020,84562,140
4/15/2020,84665,103
4/16/2020,84768,103
4/17/2020,85166,398
4/18/2020,85234,68
4/19/2020,85300,66
4/20/2020,85346,46
4/21/2020,85419,73
4/22/2020,85454,35
4/23/2020,85499,45
4/24/2020,85542,43
4/25/2020,85576,34
4/26/2020,85604,28
4/27/2020,85650,46
4/28/2020,85697,47
4/29/2020,85734,37
4/30/2020,85765,31
5/1/2020,85774,9
5/2/2020,85753,-21
5/3/2020,85752,-1
5/4/2020,85768,16
5/5/2020,85790,22
5/6/2020,85798,8
5/7/2020,85815,17
5/8/2020,85831,16
5/9/2020,85864,33
5/10/2020,85887,23
5/11/2020,85903,16
5/12/2020,85918,15
5/13/2020,85932,14
5/14/2020,85947,15
5/15/2020,85967,20
5/16/2020,85985,18
5/17/2020,86010,25
5/18/2020,86035,25
5/19/2020,86051,16
5/20/2020,86082,31
5/21/2020,86117,35
5/22/2020,86153,36
5/23/2020,86192,39
5/24/2020,86243,51
5/25/2020,86279,36
5/26/2020,86308,29
5/27/2020,86333,25
5/28/2020,86338,5
5/29/2020,86346,8
5/30/2020,86351,5
5/31/2020,86383,32
6/1/2020,86396,13
6/2/2020,86401,5
6/3/2020,86404,3
6/4/2020,86411,7
6/5/2020,86416,5
6/6/2020,86426,10
6/7/2020,86432,6
6/8/2020,86455,23
6/9/2020,86463,8
6/10/2020,86477,14
6/11/2020,86484,7
6/12/2020,86502,18
6/13/2020,86566,64
6/14/2020,86633,67
6/15/2020,86679,46
6/16/2020,86728,49
6/17/2020,86764,36
6/18/2020,86799,35
6/19/2020,86806,7
6/20/2020,86865,59
6/21/2020,86887,22
6/22/2020,86915,28
6/23/2020,86930,15
6/24/2020,86949,19
6/25/2020,86966,17
6/26/2020,86998,32
6/27/2020,87020,22
6/28/2020,87037,17
6/29/2020,87057,20
6/30/2020,87062,5
7/1/2020,87067,5
7/2/2020,87076,9
7/3/2020,87083,7
7/4/2020,87097,14
7/5/2020,87112,15
7/6/2020,87126,14
7/7/2020,87146,20
7/8/2020,87160,14
7/9/2020,87163,3
7/10/2020,87167,4
7/11/2020,87185,18
7/12/2020,87199,14
7/13/2020,87204,5
7/14/2020,87217,13
7/15/2020,87220,3
7/16/2020,87239,19
7/17/2020,87270,31
7/18/2020,87328,58
7/19/2020,87361,33
7/20/2020,87377,16
7/21/2020,87412,35
7/22/2020,87452,40
7/23/2020,87505,53
7/24/2020,87595,90
7/25/2020,87692,97
7/26/2020,87766,74
7/27/2020,87844,78
7/28/2020,87921,77
7/29/2020,88035,114
7/30/2020,88137,102
7/31/2020,88200,63
8/1/2020,88264,64
8/2/2020,88312,48
8/3/2020,88367,55
8/4/2020,88418,51
8/5/2020,88474,56
8/6/2020,88525,51
8/7/2020,88570,45
8/8/2020,88604,34
8/9/2020,88681,77
8/10/2020,88740,59
8/11/2020,88777,37
8/12/2020,88822,45
8/13/2020,88880,58
8/14/2020,88921,41
8/15/2020,88955,34
8/16/2020,89013,58
8/17/2020,89052,39
8/18/2020,89081,29
8/19/2020,89110,29
8/20/2020,89152,42
8/21/2020,89207,55
8/22/2020,89234,27
8/23/2020,89276,42
8/24/2020,89306,30
8/25/2020,89330,24
8/26/2020,89356,26
8/27/2020,89379,23
8/28/2020,89395,16
8/29/2020,89408,13
8/30/2020,89444,36
8/31/2020,89488,44
9/1/2020,89514,26
9/2/2020,89536,22
9/3/2020,89585,49
9/4/2020,89603,18
9/5/2020,89629,26
9/6/2020,89657,28
9/7/2020,89677,20
9/8/2020,89687,10
9/9/2020,89709,22
9/10/2020,89745,36
9/11/2020,89758,13
9/12/2020,89838,80
9/13/2020,89886,48
9/14/2020,89901,15
9/15/2020,89927,26
9/16/2020,89950,23
9/17/2020,90000,50
9/18/2020,90038,38
9/19/2020,90069,31
9/20/2020,90106,37
9/21/2020,90127,21
9/22/2020,90152,25
9/23/2020,90179,27
9/24/2020,90204,25
9/25/2020,90249,45
9/26/2020,90284,35
9/27/2020,90319,35
9/28/2020,90355,36
9/29/2020,90394,39
9/30/2020,90413,19
10/1/2020,90457,44
10/2/2020,90478,21
10/3/2020,90515,37
10/4/2020,90562,47
10/5/2020,90604,42
10/6/2020,90631,27
10/7/2020,90645,14
10/8/2020,90683,38
10/9/2020,90737,54
10/10/2020,90779,42
10/11/2020,90837,58
10/12/2020,90857,20
10/13/2020,90888,31
10/14/2020,90920,32
10/15/2020,90952,32
10/16/2020,90975,23
10/17/2020,91022,47
10/18/2020,91068,46
10/19/2020,91109,41
10/20/2020,91132,23
10/21/2020,91170,38
10/22/2020,91196,26
10/23/2020,91252,56
10/24/2020,91285,33
10/25/2020,91461,176
10/26/2020,91525,64
10/27/2020,91581,56
10/28/2020,91620,39
10/29/2020,91698,78
10/30/2020,91760,62
10/31/2020,91850,90
11/1/2020,91902,52
11/2/2020,92003,101
11/3/2020,92143,140
11/4/2020,92185,42
11/5/2020,92244,59
11/6/2020,92302,58
11/7/2020,92363,61
11/8/2020,92404,41
11/9/2020,92450,46
11/10/2020,92480,30
11/11/2020,92496,16
11/12/2020,92518,22
11/13/2020,92542,24
11/14/2020,92557,15
11/15/2020,92578,21
11/16/2020,92601,23
11/17/2020,92613,12
11/18/2020,92631,18
11/19/2020,92661,30
11/20/2020,92695,34
11/21/2020,92722,27
11/22/2020,92742,20
11/23/2020,92766,24
11/24/2020,92776,10
11/25/2020,92798,22
11/26/2020,92811,13
11/27/2020,92820,9
11/28/2020,92840,20
11/29/2020,92873,33
11/30/2020,92885,12
12/1/2020,92896,11
12/2/2020,92917,21
12/3/2020,92947,30
12/4/2020,92973,26
12/5/2020,92987,14
12/6/2020,93007,20
12/7/2020,93026,19
12/8/2020,93038,12
12/9/2020,93053,15
12/10/2020,93073,20
12/11/2020,93101,28
12/12/2020,93134,33
12/13/2020,93158,24
12/14/2020,93180,22
12/15/2020,93200,20
12/16/2020,93213,13
12/17/2020,93235,22
12/18/2020,93268,33
12/19/2020,93300,32
12/20/2020,93337,37
12/21/2020,93367,30
12/22/2020,93395,28
12/23/2020,93425,30
12/24/2020,93455,30
12/25/2020,93494,39
12/26/2020,93530,36
12/27/2020,93567,37
12/28/2020,93595,28
12/29/2020,93632,37
12/30/2020,93660,28
12/31/2020,93697,37
1/1/2021,93734,37
1/2/2021,93765,31
1/3/2021,93834,69
1/4/2021,93899,65
1/5/2021,93987,88
1/6/2021,94125,138
1/7/2021,94230,105
1/8/2021,94300,70
1/9/2021,94363,63
1/10/2021,94511,148
1/11/2021,94642,131
1/12/2021,94753,111
1/13/2021,94959,206
1/14/2021,95149,190
1/15/2021,95338,189
1/16/2021,95534,196
1/17/2021,95697,163
1/18/2021,95846,149
1/19/2021,95968,122
1/20/2021,96169,201
1/21/2021,96378,209
1/22/2021,96547,169
1/23/2021,96698,151
1/24/2021,96782,84
1/25/2021,96886,104
1/26/2021,97019,133
1/27/2021,97090,71
1/28/2021,97172,82
1/29/2021,97233,61
1/30/2021,97286,53
1/31/2021,97339,53
2/1/2021,97378,39
2/2/2021,97405,27
2/3/2021,97441,36
2/4/2021,97486,45
2/5/2021,97507,21
2/6/2021,97529,22
2/7/2021,97559,30
2/8/2021,97587,28
2/9/2021,97605,18
2/10/2021,97623,18
2/11/2021,97639,16
2/12/2021,97660,21
2/13/2021,97683,23
2/14/2021,97699,16
2/15/2021,97724,25
2/16/2021,97736,12
2/17/2021,97767,31
2/18/2021,97785,18
2/19/2021,97804,19
2/20/2021,97816,12
2/21/2021,97833,17
2/22/2021,97852,19
2/23/2021,97870,18
2/24/2021,97886,16
2/25/2021,97897,11
2/26/2021,97913,16
2/27/2021,97925,12
2/28/2021,97956,31
3/1/2021,97971,15
3/2/2021,97997,26
3/3/2021,98019,22
3/4/2021,98040,21
3/5/2021,98070,30
3/6/2021,98091,21
3/7/2021,98125,34
3/8/2021,98142,17
3/9/2021,98163,21
3/10/2021,98183,20
3/11/2021,98199,16
3/12/2021,98223,24
3/13/2021,98243,20
3/14/2021,98256,13
3/15/2021,98274,18
3/16/2021,98292,18
3/17/2021,98304,12
3/18/2021,98320,16
3/19/2021,98331,11
3/20/2021,98347,16
3/21/2021,98361,14
3/22/2021,98383,22
3/23/2021,98400,17
3/24/2021,98419,19
3/25/2021,98461,42
3/26/2021,98497,36
3/27/2021,98524,27
3/28/2021,98549,25
3/29/2021,98561,12
3/30/2021,98578,17
3/31/2021,98633,55
4/1/2021,98661,28
4/2/2021,98704,43
4/3/2021,98738,34
4/4/2021,98786,48
4/5/2021,98814,28
4/6/2021,98830,16
4/7/2021,98855,25
4/8/2021,98887,32
4/9/2021,98909,22
4/10/2021,98941,32
4/11/2021,98967,26
4/12/2021,98990,23
4/13/2021,99012,22
4/14/2021,99037,25
4/15/2021,99079,42
4/16/2021,99111,32
4/17/2021,99138,27
4/18/2021,99162,24
4/19/2021,99179,17
4/20/2021,99207,28
4/21/2021,99228,21
4/22/2021,99268,40
4/23/2021,99287,19
4/24/2021,99314,27
4/25/2021,99342,28
4/26/2021,99363,21
4/27/2021,99387,24
4/28/2021,99420,33
4/29/2021,99451,31
4/30/2021,99479,28
5/1/2021,99510,31
5/2/2021,99533,23
5/3/2021,99565,32
5/4/2021,99581,16
5/5/2021,99591,10
5/6/2021,99621,30
5/7/2021,99634,13
5/8/2021,99655,21
5/9/2021,99684,29
5/10/2021,99719,35
5/11/2021,99742,23
5/12/2021,99764,22
5/13/2021,99793,29
5/14/2021,99832,39
5/15/2021,99867,35
5/16/2021,99906,39
5/17/2021,99944,38
5/18/2021,99966,22
5/19/2021,99995,29
5/20/2021,100044,49
5/21/2021,100076,32
5/22/2021,100114,38
5/23/2021,100152,38
5/24/2021,100183,31
5/25/2021,100207,24
5/26/2021,100247,40
5/27/2021,100280,33
5/28/2021,100308,28
5/29/2021,100341,33
5/30/2021,100371,30
5/31/2021,100406,35
6/1/2021,100445,39
6/2/2021,100483,38
6/3/2021,100525,42
6/4/2021,100571,46
6/5/2021,100611,40
6/6/2021,100648,37
6/7/2021,100685,37
6/8/2021,100708,23
6/9/2021,100754,46
6/10/2021,100797,43
6/11/2021,100857,60
6/12/2021,100902,45
6/13/2021,100946,44
6/14/2021,100990,44
6/15/2021,101045,55
6/16/2021,101084,39
6/17/2021,101127,43
6/18/2021,101196,69
6/19/2021,101230,34
6/20/2021,101262,32
6/21/2021,101305,43
6/22/2021,101338,33
6/23/2021,101365,27
6/24/2021,101407,42
6/25/2021,101453,46
6/26/2021,101486,33
6/27/2021,101528,42
6/28/2021,101571,43
6/29/2021,101588,17
6/30/2021,101615,27
7/1/2021,101652,37
7/2/2021,101686,34
7/3/2021,101716,30
7/4/2021,101750,34
7/5/2021,101798,48
7/6/2021,101893,95
7/7/2021,101917,24
7/8/2021,101962,45
7/9/2021,102001,39
7/10/2021,102017,16
7/11/2021,102077,60
7/12/2021,102125,48
7/13/2021,102155,30
7/14/2021,102190,35
7/15/2021,102245,55
7/16/2021,102286,41
7/17/2021,102342,56
7/18/2021,102386,44
7/19/2021,102469,83
7/20/2021,102491,22
7/21/2021,102573,82
7/22/2021,102647,74
7/23/2021,102698,51
7/24/2021,102740,42
7/25/2021,102827,87
7/26/2021,102908,81
7/27/2021,103002,94
7/28/2021,103063,61
7/29/2021,103152,89
7/30/2021,103221,69
7/31/2021,103331,110
8/1/2021,103480,149
8/2/2021,103607,127
8/3/2021,103710,103
8/4/2021,103848,138
8/5/2021,104024,176
8/6/2021,104157,133
8/7/2021,104259,102
8/8/2021,104380,121
8/9/2021,104517,137
8/10/2021,104639,122
8/11/2021,104757,118
8/12/2021,104857,100
8/13/2021,104935,78
8/14/2021,105013,78
8/15/2021,105075,62
8/16/2021,105133,58
8/17/2021,105178,45
8/18/2021,105248,70
8/19/2021,105309,61
8/20/2021,105346,37
8/21/2021,105397,51
8/22/2021,105431,34
8/23/2021,105470,39
8/24/2021,105498,28
8/25/2021,105539,41
8/26/2021,105590,51
8/27/2021,105617,27
8/28/2021,105666,49
8/29/2021,105709,43
8/30/2021,105756,47
8/31/2021,105787,31
9/1/2021,105833,46
9/2/2021,105879,46
9/3/2021,105922,43
9/4/2021,105970,48
9/5/2021,106001,31
9/6/2021,106044,43
9/7/2021,106074,30
9/8/2021,106108,34
9/9/2021,106145,37
9/10/2021,106186,41
9/11/2021,106271,85
9/12/2021,106345,74
9/13/2021,106440,95
9/14/2021,106516,76
9/15/2021,106596,80
9/16/2021,106697,101
9/17/2021,106752,55
9/18/2021,106829,77
9/19/2021,106888,59
9/20/2021,106969,81
9/21/2021,107017,48
9/22/2021,107074,57
9/23/2021,107139,65
9/24/2021,107191,52
9/25/2021,107232,41
9/26/2021,107284,52
9/27/2021,107319,35
9/28/2021,107363,44
9/29/2021,107404,41
9/30/2021,107457,53
10/1/2021,107507,50
10/2/2021,107548,41
10/3/2021,107586,38
10/4/2021,107627,41
10/5/2021,107664,37
10/6/2021,107700,36
10/7/2021,107734,34
10/8/2021,107771,37
10/9/2021,107806,35
10/10/2021,107838,32
10/11/2021,107863,25
10/12/2021,107900,37
10/13/2021,107946,46
10/14/2021,107973,27
10/15/2021,108000,27
10/16/2021,108028,28
10/17/2021,108063,35
10/18/2021,108099,36
10/19/2021,108147,48
10/20/2021,108193,46
10/21/2021,108266,73
10/22/2021,108325,59
10/23/2021,108379,54
10/24/2021,108425,46
10/25/2021,108488,63
10/26/2021,108564,76
10/27/2021,108624,60
10/28/2021,108703,79
10/29/2021,108798,95
10/30/2021,108882,84
10/31/2021,108982,100
11/1/2021,109057,75
11/2/2021,109182,125
11/3/2021,109313,131
11/4/2021,109428,115
11/5/2021,109509,81
11/6/2021,109607,98
11/7/2021,109721,114
11/8/2021,109845,124
11/9/2021,109930,85
11/10/2021,110013,83
11/11/2021,110128,115
11/12/2021,110204,76
11/13/2021,110316,112
11/14/2021,110369,53
11/15/2021,110399,30
11/16/2021,110443,44
11/17/2021,110498,55
11/18/2021,110545,47
11/19/2021,110583,38
11/20/2021,110607,24
11/21/2021,110669,62
11/22/2021,110703,34
11/23/2021,110740,37
11/24/2021,110786,46
11/25/2021,110816,30
11/26/2021,110852,36
11/27/2021,110896,44
11/28/2021,110955,59
11/29/2021,111012,57
11/30/2021,111136,124
12/1/2021,111221,85
12/2/2021,111341,120
12/3/2021,111446,105
12/4/2021,111524,78
12/5/2021,111625,101
12/6/2021,111724,99
12/7/2021,111816,92
12/8/2021,111931,115
12/9/2021,112027,96
12/10/2021,112116,89
12/11/2021,112190,74
12/12/2021,112282,92
12/13/2021,112371,89
12/14/2021,112464,93
12/15/2021,112557,93
12/16/2021,112656,99
12/17/2021,112789,133
12/18/2021,112918,129
12/19/2021,113048,130
12/20/2021,113095,47
12/21/2021,113234,139
12/22/2021,113351,117
12/23/2021,113461,110
12/24/2021,113616,155
12/25/2021,113685,69
12/26/2021,113900,215
12/27/2021,114282,382
12/28/2021,114487,205
12/29/2021,114719,232
12/30/2021,114939,220
12/31/2021,115195,256
1/1/2022,115431,236
1/2/2022,115515,84
1/3/2022,115840,325
1/4/2022,115997,157
1/5/2022,116195,198
1/6/2022,116388,193
1/7/2022,116592,204
1/8/2022,116788,196
1/9/2022,116983,195
1/10/2022,117217,234
1/11/2022,117466,249
1/12/2022,117681,215
1/13/2022,117915,234
1/14/2022,118099,184
1/15/2022,118258,159
1/16/2022,118498,240
1/17/2022,118696,198
1/18/2022,118816,120
1/19/2022,118900,84
1/20/2022,119002,102
1/21/2022,119100,98
1/22/2022,119177,77
1/23/2022,119253,76
1/24/2022,119336,83
1/25/2022,119442,106
1/26/2022,119551,109
1/27/2022,119666,115
1/28/2022,119755,89
1/29/2022,119897,142
1/30/2022,120003,106
1/31/2022,120096,93
2/1/2022,120185,89
2/2/2022,120316,131
2/3/2022,120395,79
2/4/2022,120475,80
2/5/2022,120549,74
2/6/2022,120674,125
2/7/2022,120811,137
2/8/2022,120940,129
2/9/2022,120994,54
2/10/2022,121151,157
2/11/2022,121281,130
2/12/2022,121376,95
2/13/2022,121490,114
2/14/2022,121610,120
2/15/2022,121730,120
2/16/2022,121846,116
2/17/2022,121973,127
2/18/2022,122133,160
2/19/2022,122364,231
2/20/2022,122534,170
2/21/2022,122706,172
2/22/2022,122964,258
2/23/2022,123249,285
2/24/2022,123547,298
2/25/2022,123883,336
2/26/2022,124209,326
2/27/2022,124486,277
2/28/2022,124875,389
3/1/2022,125256,381
3/2/2022,125587,331
3/3/2022,126012,425
3/4/2022,126434,422
3/5/2022,126954,520
3/6/2022,127704,750
3/7/2022,128453,749
3/8/2022,129163,710
3/9/2022,130015,852
3/10/2022,131578,1563
3/11/2022,133176,1598
3/12/2022,134946,1770
3/13/2022,137896,2950
3/14/2022,140991,3095
3/15/2022,145643,4652
3/16/2022,149864,4221
3/17/2022,152358,2494
3/18/2022,156327,3969
3/19/2022,162165,5838
3/20/2022,165065,2900
3/21/2022,169397,4332
3/22/2022,176320,6923
3/23/2022,181134,4814
3/24/2022,185972,4838
3/25/2022,191665,5693
3/26/2022,197228,5563
3/27/2022,203405,6177
3/28/2022,210384,6979
3/29/2022,219117,8733
3/30/2022,227601,8484
3/31/2022,227998,397
4/1/2022,237038,9040
